1 7 11
1 9 11
1 10 11
1 12 11
0 4 3
0 5 3
0 6 3
0 7 3
0 8 3
0 9 3
0 10 3
0 11 3
0 8 4
0 8 5
0 8 6
0 8 7
0 7 8
0 6 8
0 5 7
0 5 8
0 17 5
0 18 5
0 13 6
0 13 7
0 19 7
0 18 8
0 14 8
0 15 9
0 16 9
0 20 3
0 21 3
0 22 3
0 23 3
0 24 3
0 25 3
0 26 3
0 24 4
0 24 5
0 24 6
0 24 7
0 23 8
0 22 8
0 21 7
0 21 8
1 11 11
1 5 11
1 4 12
1 4 13
1 4 14
1 4 15
0 4 11
1 6 11
1 13 11
0 17 9
1 14 11
1 15 11
1 16 11
1 17 11
1 19 11
1 20 11
1 21 11
1 25 11
1 26 11
1 27 11
1 28 11
1 29 11
1 30 11
1 31 11
1 32 11
1 33 11
1 34 11
1 35 11
1 36 11
1 37 11
1 38 11
1 39 11
1 40 11
0 41 11
1 41 12
1 41 13
1 41 14
1 41 15
1 41 16
1 41 17
1 41 18
0 41 19
1 40 19
1 39 19
1 38 19
1 37 19
1 36 19
1 35 19
1 34 19
1 33 19
1 32 19
1 31 19
5 25 19
5 23 19
5 21 19
5 20 19
5 19 19
5 18 19
5 17 19
1 16 19
1 15 19
1 14 19
1 13 19
1 12 19
1 11 19
1 10 19
1 9 19
1 8 19
1 7 19
1 6 19
1 5 19
1 4 16
1 4 17
1 4 18
0 4 19
5 24 19
5 27 19
5 28 19
5 26 19
5 30 19
1 31 12
1 31 14
1 31 16
1 31 18
1 16 16
1 16 18
1 16 14
1 16 12
1 16 15
1 18 15
1 17 15
1 19 15
1 20 15
1 21 15
1 22 15
1 25 15
1 26 15
1 27 15
1 28 15
1 29 15
1 30 15
3 40 15
3 40 14
3 40 16
5 24 15
5 23 15
5 16 13
5 31 17
4 23 11
5 23 11
5 24 11
5 29 19
5 16 17
0 17 6
0 18 6
0 18 7
0 17 8
0 16 8
0 17 7
0 15 8
0 16 7
0 14 7
0 15 7
0 16 6
0 15 6
0 14 6
0 14 5
0 15 5
1 31 15
5 31 13
0 19 6
1 22 11
0 27 3
1 18 11
1 8 11
5 22 19
1 69 23
1 70 23
1 71 23
1 72 23
1 73 23
1 74 23
1 75 23
1 76 23
1 77 24
1 78 25
1 79 26
1 79 27
1 79 28
1 78 29
1 77 30
1 76 31
1 75 31
1 74 31
1 71 31
1 70 31
1 69 31
1 68 30
1 67 29
1 66 28
1 66 27
1 66 26
1 68 24
1 70 26
1 75 26
1 76 28
1 75 29
1 74 29
1 73 29
1 72 29
1 71 29
1 67 25
5 73 31
5 72 31
0 68 32
0 68 31
0 67 31
0 69 32
0 70 32
0 71 32
0 74 32
0 75 32
0 76 32
0 77 31
0 78 31
0 77 32
2 67 32
2 66 32
2 65 33
2 64 34
2 64 35
2 64 36
2 65 37
2 66 37
2 67 36
2 68 36
2 68 37
2 69 39
2 70 39
2 71 39
2 72 39
2 73 39
2 74 39
2 75 39
2 78 32
2 79 32
2 80 33
2 81 34
2 81 35
2 81 36
2 80 37
2 79 37
2 78 36
2 77 37
2 76 39
2 68 38
0 68 39
0 68 40
0 69 40
0 70 40
0 71 40
0 74 40
0 75 40
0 76 40
0 77 39
0 77 40
3 73 40
3 72 40
2 68 41
2 68 42
2 68 43
2 69 44
2 70 44
2 71 43
2 71 42
2 72 41
2 73 41
2 74 42
2 74 43
2 75 44
2 76 44
2 77 43
2 77 42
2 77 41
3 83 24
3 83 25
3 83 26
3 83 27
3 83 28
3 84 26
3 85 26
3 86 26
3 86 27
3 86 28
3 86 25
3 86 24
3 89 28
3 89 27
3 89 26
3 89 24
3 80 29
3 81 30
3 82 30
3 83 30
3 84 30
3 85 30
3 86 30
3 87 30
3 88 30
3 79 24
3 80 23
3 81 23
3 82 22
3 83 22
3 84 22
3 85 22
3 86 22
3 87 22
3 88 22
3 89 22
3 90 22
3 91 22
3 89 30
3 90 30
3 91 30
5 77 38
5 73 32
5 72 32
3 72 34
3 73 34
3 74 34
2 77 36
3 71 35
3 72 36
3 73 36
3 74 36
3 74 37
3 74 38
3 73 38
3 72 38
3 71 38
3 71 36
0 152 56
0 152 57
0 152 58
0 153 59
0 154 59
0 155 59
0 156 59
0 157 59
0 158 59
0 159 58
0 159 56
0 159 57
0 158 55
0 157 55
0 154 55
0 153 55
5 156 55
5 155 55
-1